90
94
17
32
50
99
89
1
33
85
25
57
22
18
50
15
97
80
90
42
81
39
29
43
32
92
62
53
30
40
78
57
0
32
55
84
74
96
20
11
73
1
63
46
99
12
78
73
52
86
66
83
37
31
12
44
24
88
18
66
44
72
6
88
37
38
79
56
0
77
5
35
48
73
15
80
7
83
15
90
0
19
26
90
58
22
84
24
58
84
86
66
60
43
47
0
48
31
28
91
25
25
96
82
34
39
1
98
7
79
20
22
43
44
50
67
48
14
15
33
57
40
31
72
37
41
44
65
29
80
75
6
48
78
16
22
47
35
1
61
22
48
44
89
2
68
0
77
81
80
1
47
37
29
88
32
76
86
75
7
84
20
35
37
53
31
19
1
23
65
92
5
77
10
30
23
70
47
98
89
56
93
92
88
94
54
10
80
12
86
34
59
69
32
56
83
18
96
19
74
46
94
81
81
24
65
3
21
93
34
16
46
39
75
82
25
73
72
3
26
6
5
62
99
28
14
30
65
24
44
4
57
48
10
88
34
18
64
39
93
81
48
8
93
30
43
53
3
76
18
25
15
65
94
75
85
25
25
70
78
2
16
28
14
53
20
10
67
67
69
6
21
40
13
48
94
62
20
95
0
48
85
43
18
46
35
28
28
52
6
15
68
81
41
9
89
73
84
46
45
88
26
51
8
96
70
67
37
35
52
28
42
45
76
6
40
48
2
26
96
33
32
53
84
16
89
76
95
4
43
60
80
49
25
15
98
19
27
97
85
60
74
98
24
91
31
97
53
48
24
82
25
28
4
20
29
69
37
25
34
50
20
28
8
37
80
18
79
51
74
51
71
18
93
19
31
58
39
28
60
13
89
13
7
1
97
73
65
24
5
52
24
16
59
3
0
33
40
84
12
42
62
24
46
60
23
48
89
99
51
31
74
96
70
90
19
52
59
75
77
6
9
24
28
72
57
64
69
40
65
56
75
78
92
92
39
23
34
53
95
76
83
79
83
37
1
20
0
73
27
6
92
70
89
59
54
39
25
35
90
47
91
72
58
66
38
31
58
38
96
58
50
74
40
58
74
23
95
22
57
56
28
11
3
21
5
83
86
90
76
9
93
57
66
42
68
65
11
42
83
54
91
42
85
46
98
31
52
6
47
21
72
74
3
93
98
27
0
81
29
83
73
5
55
47
6
47
65
41
24
84
93
22
80
62
24
26
79
23
9
99
15
45
41
13
19
8
89
19
88
44
29
43
80
47
63
44
42
66
81
29
84
65
8
7
75
74
35
63
90
80
84
58
58
49
58
42
48
96
23
50
56
70
8
99
86
95
31
85
72
97
5
49
84
2
2
44
12
22
94
34
24
33
54
42
95
78
32
74
91
30
0
27
35
17
81
97
70
18
40
85
10
94
63
29
91
78
25
62
51
46
62
97
11
38
23
35
20
57
8
99
11
37
6
50
54
42
36
31
97
31
25
1
42
50
61
73
10
17
46
84
60
97
21
22
63
72
10
71
83
35
61
90
17
85
39
37
41
20
29
99
6
34
39
89
78
49
6
29
15
15
32
35
22
68
9
59
54
54
0
15
85
91
91
12
56
63
4
33
21
29
80
19
78
95
18
16
59
7
66
12
93
85
60
35
43
79
77
42
31
20
28
34
90
48
54
43
4
94
56
37
52
7
90
89
92
51
65
26
9
47
97
36
49
50
86
59
65
38
53
58
35
26
72
81
94
5
38
29
22
74
0
86
62
51
89
27
12
1
90
92
96
42
99
80
41
14
45
63
46
52
93
30
96
21
34
47
61
67
71
24
93
71
92
19
37
29
47
32
23
2
14
18
88
56
57
28
25
74
10
96
84
62
34
48
66
4
46
70
67
46
74
74
94
62
59
45
84
57
3
19
72
32
92
55
9
5
45
85
16
57
73
70
4
32
54
15
47
43
89
98
72
29
53
89
48
22
58
91
7
78
89
62
43
89
82
47
3
56
29
77
6
3
85
44
14
54
39
2
78
71
95
32
36
82
38
55
35
55
53
11
69
49
33
20
57
0
96
36
42
98
68
13
75
68
91
15
94
16
72
47
52
71
80
55
18
83
40
79
72
90
95
5
52
46
32
77
18
94
92
7
37
15
78
93
93
33
91
90
16
81
1
41
51
63
23
52
68
29
35
84
75
86
97
30
14
65
96
56
92
54
0
54
54
59
91
25
93
65
8
46
0
86
14
84
71
23
13
51
4
63
44
40
90
39
87
46
32
30
23
